Gene	ERR2694921	ERR2694922	ERR2694923	ERR2694924	ERR2694925	ERR2694926	ERR2694927	ERR2694928	ERR2694929	ERR2694930	ERR2694931	ERR2694932	ERR2694934	ERR2694935	ERR2694936	ERR2694937	ERR2694938	ERR2694939	ERR2694940	ERR2694941	ERR2694942	ERR2694943	ERR2694945	ERR2694946	ERR2694947	ERR2694948	ERR2694949	ERR2694950	ERR2694951	ERR2694952	ERR2694953	ERR2694954	ERR2694955	ERR2694956	ERR2694957	ERR2694958	ERR2694959	ERR2694960	ERR2694961	ERR2694962	ERR2694963	ERR2694964
IGHA	0.890045631	0.450356492	0.693402639	0.336103698	3.019269485	1.120608899	1.213059277	0.708854809	0.669548258	1.357682043	1.184678232	5.231921445	0.122858722	0.713114754	43.18306011	9.577096698	2.353668369	0.07499251	1.175777008	5.21282715	2.00443066	0.895964691	1.020444911	0.986298018	0.668143553	4.838241694	4.302861906	NA	7.606557377	0.015891137	9.435851746	0.153158104	1.349643729	1.573593743	3.292166137	5.141469338	0.82895829	2.399290576	0.160907945	5.966737943	1.134005114	0.998082638
IGHD	0.349877119	0.199518404	0.170807219	0.060551516	2.283960676	0.965971915	0.382832267	0.794855577	0.864633212	0.369573043	0.508481369	0.961638195	0.15384214	1.128121105	0.823013416	3.383138152	1.045018525	0.192865658	0.583449717	1.71690837	0.32758765	0.253234897	0.330780512	0.656624001	1.223687199	1.25537686	0.535656189	NA	0.695820433	0.68275309	1.590725535	0.575983995	0.559439901	0.087121244	1.355621092	1.07359903	1.018585649	0.968714356	0.573231722	7.625072912	2.65231346	0.787572647
IGHD1.1	0.111244306	0.01498708	0.148043108	0.141157382	10.11627907	1.294642857	0.462165034	2.562307243	1.057167427	0.313683072	0.643862422	1.027033408	0.359942514	1.072938689	21.0755814	0	5.52802135	0.082167063	2.499816595	2.603019176	1.655667295	2.442605844	3.271779043	0.176154113	1.83577265	5.043218769	3.154907371	NA	15.00581395	1.972533523	7.770475228	0.053375774	1.301689404	0.18178399	0.053313724	4.317706411	0.218759199	1.784645723	0.527429934	1.172901921	3.310219757	3.096015232
IGHD1.2	0.048669384	0.513842746	0.877292494	1.254732288	0	0.04516196	1.255263054	1.256980912	0	0.313683072	0.501994431	3.303624129	0.094721714	2.518121413	24.16666667	0	2.929851315	0.302720759	0.127650209	2.129742962	0.273412948	0.799791294	0	1.837035751	1.419143396	0	0.160031533	NA	7.25	0.31936257	0.403185035	0.291996882	1.39393511	0.19087319	0.133284309	1.623600345	0.293457462	0.847953216	0.185897436	0.390967307	0.0928099	0.029579763
IGHD1.3	0.065292096	0.117460317	0.100271003	0.903100775	2.485380117	1.220238095	0.70783982	0.860215054	0.560021436	1.275193798	0.307443366	2.470389171	0.912921348	1.547619048	25.27777778	2.729468599	5.901639344	0.03045848	1.004206099	4.766081871	0.960960961	1.549145299	0.026697178	1.878109453	4.272844273	0.471976401	0.062146893	NA	0	1.541318477	0.778985507	0.487274984	0.369807497	1.361185984	1.475625823	1.904761905	0.087025316	1.310916179	0.517094017	3.212560386	4.801223242	0.068226121
IGHD1.4	0.86909614	0.04496124	0.512667801	0.070578691	0.769073847	2.10755814	1.609019006	1.559139785	1.03006057	1.403731747	2.095281102	0	0	0.974403503	34.84496124	27.70980789	4.754098361	0.103789974	0.638251045	8.637290902	1.412633564	0	0.918258741	0.478132593	0.520786567	0.358098374	1.108789909	Inf	13.99418605	0.52600894	4.94817998	1.004720454	2.941613063	1.163417539	1.30618623	11.73987941	1.115138357	0.078879369	0	1.172901921	5.53765735	1.074731402
IGHD2.1	0.597938144	0	0.089659911	0.075990829	0.716580183	1.823440644	0	0.161037912	0	0.094988536	1.506905511	0	0.126206678	3.620358515	27.91079812	0	0.73655045	0.092978519	0	0	0.036797361	0	0.140200471	2.773807021	0	0	1.966101695	NA	16.13380282	0	1.065523576	0.319458651	0.260713215	0.451387571	3.228859322	0	0.29729007	0.621036158	0	0.355174525	4.384287376	0.943497241
IGHD2.2	0	0	0.239093095	1.035375041	0	1.185236419	0.552894354	1.610379121	1.175444953	1.348837209	0	1.492814757	1.021126761	1.206786172	0	4.202898551	10.5125837	0.462273481	0.798862576	1.863108475	4.378885928	1.728060672	0	0.274332563	0	7.518384644	0.983050847	NA	22.97535211	2.844364236	0.577158604	0.901329766	1.241491502	0.781671159	1.388409508	1.491169238	0.122793724	0.334404085	0.115204045	7.577056542	3.335056209	2.818548719
IGHD2.3	0.690576448	0.2126537	0.84014657	0.047494268	5.44600939	1.422283702	0.877719787	2.166691908	0.768307595	1.272846381	0.43620949	3.213698434	0	1.684196086	60.24647887	9.175341907	12.52135765	0.013095566	1.739458835	0	0.147189443	3.717948718	0.504721694	2.34706748	2.239382239	0.3614608	0.152303652	NA	7.25	1.672486171	3.684935701	0	0.136564065	1.563342318	0.887936314	0.172889187	0.956498485	0	0.801191766	4.202898551	0.262307792	0
IGHD2.4	0.050529984	0.049273418	0	0.047494268	1.003212256	2.753395372	0	0	0.1247679	0	0	2.944162437	0.573666719	0.225443571	10.21126761	5.505205144	4.754098361	0.014405123	0	0	0.183986804	0.183279162	0.084120282	0.335295354	0.236554462	0.25302256	0.359990451	NA	8.169014085	0	0	0.076061584	0.968363372	0.154132341	0.516617492	0.237722632	0.045239793	0.955440244	0.078548212	0	0.374725417	0.203031052
IGHD3.1	1.734677693	0.548334205	0.963816671	0.251980578	15.93406593	1.593406593	2.480429892	2.501477018	0.978587329	2.312292359	1.753262918	5.386846656	1.038399802	2.514271443	56.03479853	20.13696448	0.835885426	0.183913554	2.704267341	0.447272026	2.8997129	2.737390814	3.94523097	1.664753157	4.331112903	15.7930565	1.458372136	NA	20.79395604	2.698582754	8.867654085	0.807088628	1.87915428	1.443085217	2.053164227	6.660270946	1.316073167	4.631129105	0.290081713	6.881669056	3.449944551	2.385450807
IGHD3.3	0.473093916	0.261015175	0.414544805	1.230258114	13.6417968	1.380003925	2.663766014	3.735082122	2.26458429	2.912599029	1.082897685	3.138283037	0.420730954	1.872770087	61.34615385	6.142697882	7.313997478	0.220696264	1.105834229	3.438403702	2.784872785	4.718934911	1.837704629	6.659012629	2.436251008	1.57930565	1.998509965	NA	15.61538462	3.373228443	20.19469661	1.338224159	1.559504325	1.700779005	3.350562481	5.041572184	2.112776464	0.503181029	1.466751198	7.389711738	3.362234096	2.44135981
IGHD3.4	0.124844228	0.159846503	0.064772626	0.007411193	9.784075574	0.796703297	2.005912869	2.924100989	1.967421646	1.067211858	0.680678545	2.442684219	0.69823435	2.04866562	20.97985348	0	1.2015853	0.226826716	1.296841959	2.348178138	4.005049005	3.145956607	1.465788216	5.374774479	2.239382239	1.83312263	0	Inf	3.744505495	0.985337782	5.403726708	0.314527186	1.356090718	0.111667308	1.385570951	3.035060178	0.499200167	2.590450485	0.527049873	15.42602325	1.783445912	0.316817685
IGHD4.1	2.18430465	0.323161646	0.394557823	3.957047935	39.81919083	2.311862245	1.832590904	7.222953698	1.998162609	0.763882297	3.801928538	2.418419144	2.369009402	4.304267161	28.1122449	11.27920734	13.92271663	0.333963659	5.983712097	10.69459363	1.932800147	10.28126635	2.593517956	11.79256777	9.106059412	16.4719162	3.781736423	NA	6.584183673	1.623841737	19.45984916	1.239881427	3.759692327	4.93729028	3.345164153	5.057229241	1.165880909	3.01975176	0.33385662	19.12747708	20.68713724	5.278076143
IGHD5.2	0.295886917	0.280936017	0.444807644	0.347638456	2.517634292	1.614966863	1.947598863	1.693086502	0.985348228	1.230640134	3.434757949	6.449840389	0.89018881	1.640447182	33.88316151	17.46152697	16.76187257	0.262640352	0	2.098028577	0.40401226	1.30319852	1.470900469	2.498845976	3.53222147	6.667274884	2.52350166	NA	18.83505155	0.682882003	8.221649485	0.974293997	0.318052204	0.427098675	0.18907135	2.989690722	0.84676367	2.543859649	0.74742268	8.449125952	3.839969734	2.692470007
IGHD5.3	1.171219046	0.561872034	0.753499288	1.098537521	8.916621451	6.873619293	1.203970206	6.247274877	1.970696456	1.418364901	2.331765255	9.940342247	0.957372872	4.494242871	93.92611684	25.69400867	16.90890654	0.086268729	3.763049205	9.624706095	9.426952726	11.01969337	1.710349383	13.230497	6.025554273	3.889243682	2.361348943	Inf	39.38917526	3.655917066	15.69587629	0.754381923	3.507661455	2.973573791	4.407725847	2.799869089	2.270651181	2.37776572	0.498281787	9.575676079	5.046817365	2.465183578
IGHD5.4	2.139015836	0.81243659	0.714609002	0.695276912	16.10236933	6.219624448	2.028538036	6.311569301	2.235058176	0.667465836	0.938511327	6.343607724	1.654407506	1.242468871	68.26460481	26.73390109	5.538279534	0.275101391	1.150606524	4.484536082	2.060462524	10.75138779	1.929274104	6.33635944	2.285555069	7.143508804	2.320810764	NA	10.38917526	1.648910203	11.6337965	0.208777285	1.590261022	3.529607914	2.25703924	7.751050019	0.728500587	1.678422861	2.161776368	24.74077394	5.348529273	3.339362151
IGHD6.2	1.714442113	0.919005478	0.847111303	0.280510393	39.08088806	4.811946903	0.868484495	6.116979097	2.09600774	2.071002264	2.90689349	9.627150622	1.614795665	4.782783588	122.1165192	17.29511351	29.15566517	0.345583875	6.468551967	20.93619003	8.022801563	12.07510778	3.247605354	8.733324528	7.699115044	16.26125773	2.02699865	NA	17.38716814	0.722015431	8.257021932	1.417000379	2.956397773	0.816258378	0.679632026	9.084141031	1.827321609	2.468819541	1.717494894	19.71271002	2.943086791	5.095223309
IGHD6.3	1.910227169	0.699030763	0.82207353	0.614735542	7.428970657	5.694137168	1.884611353	7.680718115	1.20479185	1.694998971	3.04808546	10.3957594	0.92274038	2.033099644	62.44837758	29.08554572	17.75424344	0.419637563	0.202395243	10.96335973	7.502591087	10.66031314	2.625098722	3.945317659	2.150203301	4.22429321	2.087895605	NA	12.8960177	3.881726526	20.69834552	0.900858588	1.482099147	1.867709849	3.509741509	4.725382778	1.023300101	2.926564198	1.385182664	21.31204309	13.18502882	2.829012058
IGHD6.4	0.613812608	0.298187948	0.682279301	1.068326816	8.824716659	0.99676043	0.247518081	4.424461573	1.035625871	0.435686355	0	5.093661561	0.115342547	2.791345822	40.42035398	14.24522252	6.479036704	0.132473819	1.271042126	1.148113647	0.843896994	4.589857046	0.399343877	1.264033813	5.935353811	0.181690031	0.060896955	NA	0.449115044	3.588631153	3.375336668	0.136204084	1.053070447	1.238222455	1.186820106	0.040736058	0.698442926	2.603891735	0.256637168	9.893548801	6.663148494	0.232624334
IGHD7.3	1.102754774	0.722924798	1.080301213	3.07357987	11.05119356	6.674838993	3.290061302	7.557142018	4.436903695	5.096835684	1.984720675	6.045185987	1.115076441	2.508249947	158.6680328	19.60204324	11.26175759	0.110507256	2.339556291	20.80960598	5.642814946	12.58617066	4.900964099	12.77220455	4.14836382	9.192659219	1.563212003	NA	4.100409836	1.675190648	14.4948325	1.049088744	2.49987543	4.215898546	3.720598717	13.04232804	1.933233036	1.688955997	1.737074401	22.94369209	5.146638592	1.633352507
IGHD7.4	1.499516753	0.067609127	0.847306911	0	6.717379386	4.298618862	0.95838621	4.53937052	2.713650523	2.834665698	1.583737864	8.027442893	0.210015801	0.507558847	71.55598958	4.33423913	14.03944672	0.064649126	1.815358833	3.776041667	3.980152027	9.047976763	1.990846682	7.202658582	5.213561776	5.894634956	2.327065678	Inf	1.01953125	3.212264972	4.33423913	0.314318552	3.126424772	0.256485849	1.638772233	1.030919312	2.093552215	1.994014985	0.534455128	14.84148551	3.117832569	0
IGHD8.2	2.918998527	0.760090703	1.088269454	1.481727575	14.08521303	4.540816327	1.783901378	5.079365079	2.1819017	1.159468439	2.889505317	5.997099347	2.897271268	5.551948052	41.54761905	16.60455487	12.95081967	0.355883296	2.298332582	7.694235589	5.720720721	13.45238095	3.236351749	4.541577825	2.653061224	11.2642225	2.813559322	NA	25.53571429	3.461997612	7.919254658	1.23038042	1.90186713	3.665768194	3.924336533	5.540438398	2.10443038	3.015873016	1.474358974	29.58592133	13.43381389	2.360066834
IGHD9.1	0.086657702	0.074718196	0.519382585	0.674418605	7.815916603	2.776915114	0.248902621	1.717313386	0	0.772160431	2.366680737	1.877436916	1.629213483	1.528326746	75.65217391	7.796681369	1.309099549	0.060638164	0.212133681	0.33180778	0.170387779	1.347082869	1.327231121	0.784122864	0.616641486	2.938309606	0.142471137	NA	11.0326087	0	3.609010712	0.849189	2.056737589	1.132856752	1.960245174	1.734529561	0.472161071	1.241206882	0.727424749	4.933837429	5.822364047	1.523857954
IGHD9.4	0.311967727	0.040027605	0.498880641	2.023255814	13.41978134	1.651138716	0.078226538	2.078853047	0.101356074	0.772160431	0.856901646	1.642757302	0.247923791	1.200828157	76.352657	15.83700903	3.996198622	0.017517692	1.948978192	2.728197305	2.839796318	0.242474916	0.759791729	0.250919316	0	2.566371681	1.495946942	NA	0	0.105365145	6.578449905	0.320891696	0.945332805	0.215242783	1.312367532	0.200138026	0.458860759	1.192050174	0.323299889	0	4.164339848	2.543859649
IGHDD1P	0.057387252	0.405877439	0.543079363	0.073079415	8.427027321	2.593293897	0.281047498	0.920359089	1.323653848	0.680682555	3.260091978	2.032657038	2.824642571	0.833701902	46.16357069	4.892538251	8.257118205	0.052966091	1.232041879	0.93721145	1.625805372	0.247479559	0.275308003	0.35511298	1.209821055	1.461957862	0.986094349	NA	3.770897833	0.842812422	3.55229506	0.468143741	0.911477693	0.580808292	1.085916372	1.686405556	0.103705373	0.77969692	0.313090418	2.693498452	9.505496066	2.168450021
IGHDD2P	0.63417682	0.626775693	0.48345241	0.544984731	9.19900762	1.346951659	0.47086773	1.060425039	0.979570626	1.478271083	0.957471152	1.427472697	1.760867098	1.008133281	45.4040404	8.066168936	12.9657228	0.126788889	0.970270529	1.618819777	1.464646465	1.276871277	3.948177426	7.826021408	1.051831052	5.029051578	2.154768019	Inf	8.568181818	1.191300189	9.169960474	0.313657995	0.934880722	0.789566827	1.377809718	1.394901395	1.066040148	1.730167169	0.807433307	4.202898551	5.455472153	2.132730817
IGHDD3P	1.993127148	0.827641494	1.712326517	3.610523843	32.53056885	7.323232323	2.245295596	2.992288476	1.200915912	2.282123561	2.199339675	12.05917038	5.208546136	2.339630067	190.1599327	33.83545601	17.43169399	0.386940906	5.147054138	13.69572922	9.064974065	10.23374773	4.678824862	10.31810644	7.6003276	13.01331903	2.621468927	Inf	18.89393939	2.496834642	22.7020202	0.698229972	6.188020018	5.598028806	3.693456302	13.79402491	1.784458509	4.976371906	2.33967884	31.11843068	8.572884811	2.098470081
IGHE	1	1	1	1	1	1	1	1	1	1	1	1	1	1	1	1	1	1	1	1	1	1	1	1	1	1	1	NA	1	1	1	1	1	1	1	1	1	1	1	1	1	1
IGHG1	0.550515464	0.167619048	0.125203252	0.01627907	0.175438596	1.709821429	0.475465313	3.204301075	0.535369775	1.004651163	2.961165049	1.274111675	0.342696629	2.62012987	41.41666667	7.884057971	18.08196721	0.22571337	0.249211356	1.877192982	0.09009009	3.064102564	0.28375286	2.305970149	1.084942085	6.230088496	1.457627119	NA	5.05	1.066852368	4.804347826	0.689013035	1.32218845	0.789757412	11.53754941	0.047619048	0.655063291	0.222222222	0.169230769	4.115942029	5.935779817	1.257309942
IGHG2	1.216494845	0.514920635	0.125203252	0.120930233	0	2.361607143	0.952622673	2.039426523	0.435691318	0.346511628	0.495145631	2.16751269	0.56741573	0.227272727	41.58333333	4.52173913	0.409836066	0.280218019	0.85488959	2.631578947	0.063063063	0.942307692	0.95423341	1.201492537	0.922779923	0.584070796	3.061016949	NA	18.425	0.668523677	2.717391304	0.297951583	0.705167173	0.444743935	2.375494071	0.841269841	0.694620253	0	0.026923077	9.31884058	4.073394495	2.561403509
IGHG3	0.763804547	0.309610785	0.024223187	0.157056387	0.627253064	0.25272138	0.060496488	0.544631021	0.233118971	0.468859509	0.421044465	2.566059384	1.333500077	2.29585483	4.965753425	4.145324598	6.593869302	0.234675234	0.303897844	1.10640471	2.86313711	0.35651563	0.645434312	1.600899612	0.053683821	0	1.04028326	NA	9.186643836	0.016598619	3.616363907	0.429995408	0.102635633	0.642469446	2.288564622	0.210190621	0.389717357	0.792778178	0.030558483	2.403712527	3.69014704	1.559420812
IGHJ1.1	1.348682703	0.032733686	0.364137308	0.989147287	5.144249513	1.740575397	0.877796578	0.16168857	0.450696677	1.094056848	1.699748292	0.32712916	0.470661673	3.222222222	4.833333333	1.354267311	0.422586521	0.114673506	1.026638626	4.070175439	1.465965966	2.106837607	1.511568777	0.48092869	3.072930073	3.393313668	1.758568738	NA	13.775	0.179510987	4.483091787	0.870060004	1.929415738	1.398322851	3.069389548	0.204585538	1.498945148	1.026965562	0.425498575	4.576489533	4.818552497	1.177712801
IGHJ1.2	0.887263053	0.126711043	0.408165049	1.225556389	8.971892096	5.220334101	2.05774794	2.660037769	0.391038274	2.436609152	3.40084212	3.941378746	3.074483509	2.196969697	44.17562724	7.818295153	11.8085669	0.061985679	2.360842577	10.1754386	3.132325874	3.018334712	1.241603307	2.443428021	0.686262299	7.754305833	2.188080919	NA	26.8172043	0.442986791	7.117812062	0.615526321	2.113605909	1.773468974	1.898083216	2.458326222	0.996665306	1.659435327	0.735594155	14.82312607	3.604616751	4.932717097
IGHJ1.3	2.065604499	0.378715729	1.119918699	1.026955603	11.10047847	2.854099026	1.332679588	2.362333007	1.578851213	2.069238901	1.162474257	2.843793263	1.814351379	2.321797521	69.75378788	7.593873518	6.158718331	0.134184908	1.039575566	9.626196172	1.603194103	1.964597902	0.972800083	1.377204885	1.11969112	7.874094932	3.105546995	NA	17.63068182	0.908774373	2.6506917	0.497079736	0.580961592	1.820938495	3.634117858	2.458513709	1.402653913	0.751594896	0.654865967	10.84156785	1.118640534	2.736576289
IGHJ1.4	1.132565191	0.184126984	0.033285509	0	1.975232198	0.274159664	0.11545735	2.629137677	0.466237942	1.087004104	1.777650866	1.766497462	0.095836087	0.099694423	24.16666667	1.977834612	12.08100289	0.267996907	0.559658564	5.386996904	0.138314785	2.012066365	0.28886795	0.611062335	0	1.630400833	2.185842473	NA	5.629411765	1.320989677	0.482097187	0.028590207	1.762917933	1.627715237	2.575680074	2.310613134	1.279411765	1.675954592	0.564253394	5.636828645	5.164597949	4.339525284
IGHJ1.5	1.208079108	0.037576936	0	0.646891315	0	0	0.500707897	1.060639309	0.903930704	0.013763645	3.179446536	0.600849477	1.113850034	1.056851312	27.61904762	4.202898551	9.508196721	0.092978519	3.827335351	3.634085213	0.666482809	4.514652015	0	6.18336887	1.805216295	2.566371681	0	NA	11.54081633	0.016485703	3.152173913	0.595143085	2.806277526	0.382859343	1.216423328	4.415289925	0.046822526	0.571070533	0.629774987	0.771960958	1.628908444	0.328798186
IGHJ1.6	0.887051093	0.564521193	0.150272492	0.222335804	0.782726046	3.186813187	1.040702107	0.43404624	0.824882513	1.963966266	0.959137949	1.860322419	0.125324114	1.552019409	52.31684982	8.221054308	1.77625653	0.042913163	0.32169723	0.810680548	0.200970201	0.694561848	0.284406669	0.618336887	0.135347278	3.948264125	0.950642578	Inf	12.90659341	0.150907588	0.311753464	0.670595699	2.024449714	1.571932111	1.13364896	3.186813187	0.771491167	1.174089069	0.441251057	4.572384138	6.402863192	1.994087784
IGHJ2.1	0.120795585	0.202725669	0.535846268	0.272492366	0.102782208	0.117694805	0.728605856	2.078853047	0.70171165	2.84754522	0.786832729	3.851202379	0.905118602	0.389938344	24.65488215	5.094422486	13.013744	0.217889054	1.210527993	0	1.543816544	1.802641803	0.08043825	0.30604553	0.441090441	8.658264056	0.188666324	NA	11.3510101	2.415238738	1.305445762	0.523672479	2.484111633	0.41057475	2.246177187	1.13142002	0.760132975	0.068521472	0.435638436	0.042453521	5.240478176	0.805127296
IGHJ2.2	0.540073163	0.605837174	0.552670688	1.095023756	4.923599321	3.090437788	1.06053163	1.497668324	1.273381046	3.56064016	2.8256255	3.244910212	0.481756675	2.358958246	39.49820789	3.253856942	10.88841883	0.348919388	1.780468777	6.455385776	2.5704737	0.279845602	0.635072956	3.769860376	1.685556524	7.395565706	1.194459632	Inf	12.47311828	3.179081678	7.490649836	0.43261048	2.985586822	0.680810364	5.225891453	0.610456847	1.820641078	1.686788656	0.919492694	2.982702197	3.204103778	2.735332956
IGHJ2.3	0.482427366	0.142279942	0.117886179	0.160940803	5.665869219	1.838981331	2.01853561	2.409579668	1.276856182	0.597780127	1.642394822	1.204430088	2.64747191	1.925914994	71.12689394	2.865612648	10.48062593	0.258860649	1.1019501	7.689393939	3.681408681	0.929487179	1.334772207	0.860753053	3.957090207	6.765888978	2.446456086	NA	14.17045455	1.909344138	1.253705534	0.567652785	1.80298425	0.621783877	2.24038807	0.924122174	0.401503165	0.510699096	1.487179487	1.241765481	6.742076731	1.859715577
IGHJ2.4	1.251498442	0.214101144	0.008224617	1.191995673	4.791921665	4.471034053	0.747452091	1.583312495	0.710199656	0.580313683	1.626025438	1.848660135	0.681996342	1.883116883	25.00968992	8.405797101	8.789553946	0.103789974	3.159342675	2.603019176	0.151896082	2.161598092	0.22377734	0.201318986	2.408637874	0	1.611746157	NA	2.950581395	0.826585476	3.885237614	0.122450305	0.932706581	0.718046762	1.252872507	0	0.896379158	1.962124303	0.821407275	12.60869565	2.320247493	0.96627227
IGHJ2.5	1.818220072	0.815419501	0.721752115	2.257237779	8.514142499	2.721392128	0.620877793	1.209128813	0.865870464	1.348837209	0.019153292	5.287475396	0	1.979194275	31.07142857	2.401656315	0.194044831	0.003795042	0.093349643	2.543859649	0.133296562	0	0	0.04416692	0.708376014	2.671121546	0.421307506	NA	3.107142857	0.90671366	1.222271517	0	1.762917933	0.749766214	2.807130757	0.84548105	0.252841643	2.664995823	0.872579801	9.09198462	5.212507021	1.315192744
IGHJ2.6	1.261583777	0.200313972	0.03109086	0.066700741	0.503181029	0.398351648	0.674029862	1.050848793	0.558460832	0.689240992	2.867100537	2.135326602	0.179034449	0.444912231	1.858974359	12.93199554	1.515042335	0.215587554	1.568273997	1.7052246	1.148401148	6.251056636	0.634445646	0.428079383	0.479867623	4.484099971	1.10188117	NA	28.60164835	1.509075882	5.334448161	0.789285203	1.084872574	0.274873375	1.536724145	3.979301122	0.635345667	0.307499518	0.457593688	2.401656315	7.835467285	1.444315918
IGHM1	0.13143532	0.189257457	0.159858038	0.079343365	2.977024605	1.386831048	0.270413268	0.34111211	0.394064886	1.12751098	1.693969361	1.157611856	0.131144119	0.291504161	3.815789474	4.2679589	4.945439781	0.141626722	0.713734606	0.37803487	0.210303182	0.138128126	0.078072419	3.946444249	0.78343713	2.240609332	1.308705463	NA	10.63931889	1.955724967	10.89110244	0.507434376	2.071292123	0.738110537	2.292490119	0.076007011	0.217355097	0.228396068	0.720568389	5.725310719	0.609537876	0.853203701
IGHM2	0.273977849	0.24056219	0.075184374	0.995968032	8.411275868	0.809652808	1.323202003	1.425591176	0.060625367	0.206710346	2.208261946	0.592478509	0.027742025	1.827731092	3.740970072	3.955669224	5.828554027	0.096720688	0.067974724	0.417413503	2.600479737	0.425895054	0.96563255	3.51092833	1.28261831	1.978410367	3.700897308	Inf	5.67879257	0.945350432	2.234822991	0.006687768	0.158280557	0.941393439	1.17463503	2.536733992	0.39493279	0.551300853	0.997975709	2.680486382	6.869656602	0.903083302
IGHV1.10	0.508883527	0.166106045	0.262861097	1.064720435	0.432997387	0.724449088	0.055333549	0.942118508	0.266846822	0.209500247	0.407353853	0.175396911	0.029464499	0.689140647	5.964539007	0.465001542	9.164283223	0.002769573	0.262769313	0.67114595	0.789342534	1.269639935	0.228735576	0.036837091	0.138174649	0.911881002	0.188243779	NA	5.460638298	0.390149944	4.433163737	0.160862158	1.220914441	0.066525205	0.056092843	0.225261736	0.462765957	0.342789598	0.293480633	3.049337034	2.360530939	0.93635685
IGHV1.14	0.459267383	0.208807835	0.091800727	0.163582385	0.519596865	0.64181231	0.425963927	1.439716312	0.442430047	1.01736764	1.735247538	0.253699104	1.776535979	3.559892235	8.484042553	6.885599753	5.128357168	0.034421835	0.39512719	1.044606196	1.272953805	1.918303328	0.710209845	0.695300095	0.488375914	1.878365656	1.788315903	NA	14.23776596	0.950453387	1.435245143	0.70377194	1.68414926	0.944657911	2.258346649	0.457052797	0.479363049	0.138919995	0.230196399	0.921060746	1.698223697	1.178113724
IGHV1.17	1.401974117	0.145734549	0.295467912	0.879614052	4.481522956	2.156819909	0.31320877	0.827118127	1.144762947	0.429045027	0.301521724	0.773625662	0.648218982	1.189969605	16.35106383	1.484427999	7.009766306	0.091395906	1.767366937	0.124486749	1.056162546	1.728450627	0.463118944	0.547951731	1.081573975	0.38222557	1.892895781	Inf	6.216489362	0.039530611	4.956290472	0.155117081	0.532626269	1.511785284	0.748717517	1.338511764	0.769323997	0.396914271	0.628096017	8.960222017	6.090962327	1.45775787
IGHV1.20	2.35613073	0.600959135	0.624545926	0.698812469	10.35946249	1.92543693	0.332001296	0.605963548	2.112950674	1.729094508	0.259588239	1.800950427	0.920332297	1.584622824	36.14716312	11.77705828	10.36798047	0.0846698	1.527954896	1.131205674	1.990032586	5.153709765	0.259798432	1.805017466	0.628932884	1.053850499	3.511792283	NA	5.491489362	1.180762164	0	0.706644479	0.076893229	1.831106268	0.146329157	2.399527187	1.249663345	0.18402389	0.988816148	10.68609312	6.051337107	2.827112107
IGHV1.21	1.147532354	0.287943262	0.368206193	0.876744186	6.657334826	1.47368921	1.562911762	1.112407535	0.421598139	1.15655616	1.198099566	2.706123771	1.409096342	0.825366123	77.33333333	8.280604379	14.99058249	0.159250442	1.296328613	1.266517357	1.234042553	1.764048009	0.415112712	1.17418228	1.755770969	3.538316701	1.257050126	Inf	14.96276596	1.529662775	2.079093432	0.514758905	1.365323676	0.651947009	0.024388193	4.795789711	0.679504444	0.063145452	0.555319149	4.748381129	1.692562951	1.560594749
IGHV1.25	1.157710024	0.236231003	0.202162256	0.311380505	8.854796566	1.8868731	0.440580336	0.356058873	0.754908668	1.835279565	0.884596846	1.205853764	1.627480277	0.871442387	45.96808511	13.56552575	8.122427625	0.099902451	0.132357876	0.205673759	1.311865057	1.182624113	0.386873752	1.040647825	1.05775076	0.223874976	0.081572304	NA	8.77712766	0.54999111	3.735661425	0.211993344	1.316562116	0.034925733	0.112185687	2.249352696	0.316321034	0.061341297	0.321167485	12.93956213	2.734140152	3.954709469
IGHV1.27	0.846018864	0.480688956	0.043141325	1.294309748	8.670772676	0.933795593	0.996003888	2.311065355	0.348190463	1.320138545	1.753219032	4.250243007	1.514821898	0.655084277	36.96985816	6.098674067	8.183118242	0.117706848	1.021880663	2.197461739	1.033927545	2.907119476	0.933297629	4.217846936	0.900517539	0.688006025	2.85712225	NA	9.147340426	2.036685829	4.064292322	0.46592575	0.858953631	1.777886104	1.490118577	1.818417201	0.583827094	0.40593505	0.637588652	4.632130743	3.124731603	0.932748538
IGHV1.30	0.264619434	0.23035461	0.213198409	0.886788718	1.861888764	1.388297872	1.00644418	1.760390452	0.184511186	0.598367145	1.387798664	1.017928502	0.885668181	1.576609561	14.70567376	5.624730188	0.131496338	0.210289714	1.457883079	1.883538634	1.940003834	0.1898527	1.166269049	2.969990473	0.214408938	1.769158351	0.727875947	NA	7.527659574	0.598115332	3.152173913	0.211993344	1.824807605	1.102655273	1.390126987	1.687830688	0.298747643	0.977852432	0.106792144	0.733271662	1.585008784	0.613412965
IGHV1.32	1.375257732	0.578237082	0.232762498	0.598367145	7.880552445	2.861987082	1.133815747	1.320292839	0.552541561	1.34453241	1.283963368	0.635813803	1.367499402	2.83669522	6.838652482	3.290780142	7.727938612	0.135906899	0.782468622	2.27864875	0.992236918	0.526050191	0.601489849	0.819625278	1.684301323	1.567124835	2.424161558	NA	6.401595745	1.264979553	3.802728955	0.241293237	0.828946517	0.172965533	1.870574384	1.109985365	0.355373014	1.167288789	0.499945445	1.171446192	9.945930119	1.306208784
IGHV1.33	1.749287124	0.600567376	0.42689846	0.04017813	10.92235909	1.919927812	1.468949131	2.370777091	0.623965246	1.515289461	0.441300007	2.890916946	1.68467607	0.821359492	10.90070922	9.45205057	7.444715731	0.053017538	0.290019464	0.075774543	0.025014376	2.147708674	0.941769317	2.69371229	0.178674115	4.330069667	2.110421926	NA	10.15	1.505600664	3.661887142	1.085819565	0.772683179	0.221196307	1.365738794	2.977372509	0.80056558	0.988677367	0	2.181930311	4.138005075	0.451038945
IGHV1.37	0.202281202	0.357284701	0.330081301	0.792083127	6.397536394	0.457256839	1.002268064	0.325097232	0.964219744	0.351558634	1.335881016	0.576304137	0.445433899	2.151561205	26.2748227	2.468085106	8.14265783	0.104254637	0.260822874	1.488428518	0.241805635	0.700081833	0.463118944	1.818831375	0.807606999	0.988326116	1.265416516	NA	0	0.912641498	0.650555042	0.341832085	0.526999935	0.013305041	0.631654192	2.272205336	0.269458659	0.606196342	0.873322422	0.062596361	3.826664064	1.120380739
IGHV1.39	2.857381005	0.364728132	1.049437814	0.879614052	15.70698022	2.275265957	1.027324765	0.66788683	1.655640692	2.580009896	0.766783722	4.121827411	0.298111403	2.512158055	62.06205674	9.380511872	13.31147541	0.293970381	4.03302235	1.618327734	0.844930036	2.38502455	0.563367253	2.481899016	0.133410006	5.465825645	2.026758024	NA	15.28670213	1.148106442	4.185013876	0.702622925	1.404708013	0.909732179	3.480195106	2.474614432	1.065142742	0.60258803	0.499154392	18.93987049	5.072028109	0.11546597
IGHV1.43	1.667797362	0.240750981	0.560276248	2.087071768	12.00264101	1.801363287	0.194166985	0.272709754	1.225253259	2.403250813	1.342172113	1.465749686	2.802947928	2.166596844	30.97491039	6.625214275	9.426405782	0.357917309	2.327397307	5.618373892	2.12099196	3.685966363	1.220196353	3.262558177	1.374932536	2.864401941	4.090759978	NA	39.21236559	1.921346632	8.60916316	0.734566789	2.229238161	0.95817755	2.420672362	2.412129487	1.270994964	1.524492234	0.347008547	1.265388811	10.5048831	3.329811985
IGHV1.46	1.927546835	0.180563236	0.154139348	0.787546887	3.993586116	3.33266129	0.574058912	2.950630131	1.010683539	0.678769692	2.10105439	1.810818187	1.010813097	1.601661779	1.870967742	0.135577373	3.496562665	0.069184016	1.853261423	0	1.410248959	0.751585332	1.016116729	1.405552881	1.095611741	10.77324198	2.591871697	NA	5.971505376	0.663611585	0	0.243307102	1.398960682	0.716111642	0.653236432	0.039597201	0.963114196	4.066528328	0.467741935	0.280193237	8.937160896	1.14154562
IGHV1.7	0.564163396	0.024652985	0.254022519	0.468424638	7.727372825	0.34126569	0.186833181	2.009268007	0.515982995	0.121338912	0.035341431	1.000892042	0.221545767	0.758368201	14.30788006	4.633739616	3.292063928	0.104065915	0.112917915	0.212875284	0.899110407	0.315014483	0.063862585	1.340161119	1.307087123	2.249601955	0.353733778	NA	7.735355649	2.127655855	1.853056212	0.217483618	1.711284353	0.449706211	0.134288124	1.149188639	0.315826757	0.164978345	0.297124772	2.286095446	3.523281256	1.014705523
IGHV2.12	0.82317045	0.28362161	0.100441139	0.102826155	2.794823381	0.420904068	1.023195466	0.79005738	0.689948524	1.329179268	1.132105592	1.508388154	0.087670681	0.5763351	23.67899851	5.173523104	6.086525031	0.025433586	1.290192528	3.199787586	0.641437402	1.325457054	1.492391048	4.71655177	0.627629551	1.847097107	1.999163943	Inf	4.665358744	1.068613613	3.788262819	0.411082162	2.130521897	0.527540401	0.956060901	0.842883242	1.276785207	0.060839693	0.522680235	5.437382206	6.04290945	0.317507146
IGHV2.13	0.454572858	0.168334416	0.075833214	0.61788839	0.674395541	0.252367029	0.356781218	1.284593403	0.907937045	1.066186137	0.748247822	0.654258319	0.994042535	1.615148984	18.4194282	3.809644885	4.11465823	0.143364539	1.178753052	1.765329503	0.993098362	1.268306093	0.124185368	0.594832853	1.200448569	1.47078611	0.576799815	Inf	9.398148148	1.125880315	2.476269175	0.186854992	0.745717722	0.91880645	3.581736511	2.638076673	0.856003405	0.651254517	1.066101864	3.621210837	0.689772341	1.917399086
IGHV2.16	1.226401659	0	0.044605581	0	2.841789158	1.127466752	0.014735548	0.827171257	0.114809343	0	0.050730342	0.128199265	0.396295172	0.050895051	1.451451451	0.227183705	0.756658298	0.079855425	0.659334413	0.053474527	0.13337662	0.106067606	0.296933089	1.624759087	0.043711665	1.294746074	0.318827302	NA	6.13963964	0.02910989	4.874983679	0.029191202	0.608815502	0.368535652	0.567959264	0.834008612	0.05649637	1.280842246	0.401940402	2.120381251	0.415461333	0.043288903
IGHV2.19	1.352094362	0	0.726433751	0.595432642	9.885148306	5.851163664	0.400806898	0.955148697	0.918474745	2.005028284	0.696133026	3.682413378	1.298967507	0.542880543	1.016016016	6.032989511	19.83015803	0.142957963	0.038461174	0.122227491	0.082379677	1.233733734	1.857326434	0	0.030261922	0.131015972	0.752786685	NA	10.92942943	1.152266473	2.319166993	1.31036064	0.084704766	0.115020681	0.120476207	1.105867773	2.011821949	0.005092812	0.188688689	25.25525526	2.820343279	1.451451451
IGHV2.23	1.990555371	0.563468169	0.7402745	1.396699175	7.100924354	2.224558372	1.076360461	3.482637685	0.976593023	2.174093523	2.819570588	3.74510125	1.454029238	1.941837732	24.4265233	7.890603086	19.06751278	0.461693333	0.964010719	1.953027731	0.775356001	3.282189137	1.956595556	3.164821056	1.276207083	3.648111143	2.672207035	NA	21.50053763	1.631233714	3.708041141	1.754250015	2.47756316	1.228820682	2.228398997	3.44165671	2.279501837	0.754951896	0.151116625	9.327723235	10.29318339	3.721876376
IGHV2.24	1.937926375	0.378375113	0.279138521	0.360735533	9.605355884	1.061990335	1.446146031	1.199845416	1.018232123	1.07650327	0.386912703	1.378714545	0.80771789	2.008525301	42.55990134	5.713454055	9.297126815	0.08491907	0.247564042	0.048403249	0.701483725	1.21442511	1.714457114	0.155564671	0.430832524	1.318453105	2.493997922	NA	7.66384778	1.309898885	1.945950915	0.979031579	0.167719465	0.128901375	0.341692502	1.070505722	0.581094281	0.392604132	0.062882854	14.60796029	2.604302035	1.575794666
IGHV2.26	1.300021671	0.424100291	0.329939696	0.315943851	9.304567726	3.526249464	1.346829063	0.471331547	0.757461642	1.231370906	0.512940125	1.799210378	1.064125924	1.931184431	34.97997998	16.16790704	5.910500665	0.267487751	1.118121276	4.025867973	0.039228418	3.902171402	1.227589145	2.053695487	0.837246513	1.903585001	3.905634448	NA	15.02252252	0.211046701	9.948753101	1.376851712	1.728506622	1.413111224	1.542095455	1.89379856	1.032092219	1.66534956	0.455532456	3.420376899	3.603328099	2.128795462
IGHV2.29	0.195721495	0.615968349	0.367465026	0.767581535	8.907328381	1.870039683	0.894447747	0.696072417	1.503722372	0.074935401	2.505515224	0.733830277	4.518254209	4.433524434	9.071571572	14.46402925	17.31748142	0.035181061	0.233514271	5.271060534	2.02810919	1.0997536	2.319665203	0.40943929	3.93404988	3.884238221	1.735837532	NA	3.048048048	2.957079642	4.193432563	1.050072419	0.481758354	3.279263091	0.564517086	1.308610197	0.471262402	0.687529635	0.702279202	4.720372546	7.350469736	2.604973394
IGHV2.31	0.313568411	0.277558723	0.025529491	0.303559966	2.93813089	0.074215196	0.260453153	0.77901818	0.184119442	0.426702217	1.647874453	1.515837348	2.628879506	1.365359693	18.2661005	0.48186098	2.412376875	0.318219474	1.334364765	0.11882147	0.374419005	1.124857096	0.193026182	2.586906233	1.687857102	4.097476655	2.780092842	NA	12.72983015	1.956898438	2.322302225	0.40990088	2.140953413	0.270514647	2.835192132	1.658185331	0.506597866	1.818328553	0.337062442	0.571094495	9.964354584	1.566283011
IGHV2.35	0.57607804	0.335784264	0.05121077	0.317629407	2.374269006	0.180971582	0.018994596	0.163178788	0.057151748	0.291522881	0.403660786	0.734457726	0.036788692	0.030372853	0.623655914	0.081346424	4.334919796	0.052987758	0.043282114	2.434446331	0.047757435	0.039977943	0.011417042	1.121649815	0.327479553	0.270434865	0.019026791	NA	0	0.026058047	0.135577373	0.154462265	0.657776906	0.270643132	0	0	0.10361372	0	0.103942652	0.587501948	0.463450725	0.018235553
IGHV2.36	2.245069285	0.387701793	0.570753868	0.693950319	8.884007293	0.785166707	1.046590395	0.989845701	0.650509156	1.28334852	1.387781655	1.910946999	0.632812051	2.569636496	44.09284497	8.090758709	9.9698383	0.177403647	1.078466673	2.686870498	1.304080912	4.30065959	0.66248504	1.312517481	0.24797248	2.470187394	2.121849103	Inf	6.002555366	0.989451106	4.11876898	0.790735965	0.48652931	0.386174849	3.028664543	2.857052721	0.961496992	1.198979846	0.568143101	6.637286127	4.827063439	2.262171613
IGHV2.38	1.598029377	0.154797022	0.415209727	0.895245935	12.66677017	1.264090813	0.998757169	2.023662258	0.822449231	0.84551005	1.550343195	5.323809952	0.439743462	1.169310041	7.485250737	11.19533154	11.1910634	0.084476058	1.424862511	2.236195208	2.604905791	1.963164662	0.503094983	2.387619425	0.597829182	3.648941447	1.261436928	NA	11.09955752	2.444844332	1.264588944	1.219464632	1.931929239	0.804729305	2.272202595	4.100763216	1.028714387	0.835446532	0.231412147	16.05532042	2.527130524	1.383239318
IGHV2.42	1.994890977	0.826127265	0.321839701	1.265280922	16.19740723	2.743955436	0.910823114	1.034827291	0.689041914	2.179923853	2.919351605	1.341808544	3.085413145	2.995489024	42.39859882	9.084583814	6.415929204	0.486697291	1.916682951	5.49293588	4.251275612	1.538177899	1.227395152	3.624521199	1.216301637	5.757302843	5.452452377	NA	30.20298673	2.090985284	1.778328203	0.647566784	2.698980552	1.418075996	2.903651754	6.670529569	0.76442954	0.817937173	0.581546403	2.845325125	6.951570999	4.202246028
IGHV2.45	1.000091233	0.363365641	0.204996762	0.896738012	5.25655954	2.268489254	0.499378584	0.269055096	0.127905984	0.851975715	2.998253	1.21153587	0.701066421	1.595649925	13.04572271	0.185968962	4.491150442	0.266181866	0.837916306	0	0.179183608	0.974727706	0.312721492	0.933661339	1.444203369	7.636659096	0.226188691	NA	7.041482301	1.290334508	5.418670643	0.246720555	0.522634962	0.556854233	0.743030536	1.704125111	0.893357231	0.43898463	0.17026889	7.206297294	2.76061541	0.476504684
IGHV2.5	0.706937285	0.260846561	0.316409779	1.383963178	8.347039474	1.076621404	0.483878549	0.898670848	0.301112004	0.9437177	2.354425117	0.940496334	0.524685939	1.789941829	24.12471065	0.90479066	7.040357468	0.126554095	0.624178496	1.69149001	0.299361862	2.565771902	0.183185545	1.886142206	0.186615187	5.12383235	2.124823446	NA	8.219184028	1.673098499	3.338239734	0.349711618	1.677220534	0.407120395	2.30642018	2.83436214	0.366451301	0.534387183	0.399550392	3.093800322	3.196355759	1.432393194
IGHV2.6	2.237018122	0.315500396	0.145124205	1.103254094	16.93712099	1.612919197	0.508833989	0.582155705	1.244450256	1.201736663	0.987084926	0.919710632	0.436665351	1.505449264	26.35551448	5.966406815	6.924638647	0.105180875	1.584459203	1.603430943	0.420142879	1.209535997	1.289205091	0.144011918	0.558810725	0.564506895	1.366458849	NA	7.879852126	0.503194847	6.467491762	0.372835325	1.702633309	0.481139549	0.194925223	0.737415525	1.217126044	0.548583412	0.55528698	4.684561601	2.124506096	2.449816779
IGHV2.9	1.181511408	0.01714095	0.221611856	0.51847196	3.269585375	0.489864865	0.913603959	1.2860172	0.483039309	0.672393324	0.721498197	0.844346885	0.080726794	1.074451074	1.814314314	1.363102233	6.695712106	0.31718798	0.052197308	0.37432169	0.22360198	0.524755525	1.440822974	0.110483618	0.544714599	1.641553057	0.478240953	Inf	4.093093093	0.150401097	2.726204465	0.202716683	1.061456593	0.204220393	2.540326888	0.230389119	0.064764131	0.529652459	0.5001925	0.54271663	2.82833292	1.275749434
IGHV3.1	0.118047874	0.096409837	0.242855647	0.199720531	1.080867405	0.619539393	0.807643987	1.436460689	0.354180754	0.594819842	0.592108005	0.966645607	0.248227805	1.747742601	0.881616595	1.506188966	3.550270879	0.088988024	0.777406209	2.347338303	0.782101844	0.873638164	0.684976577	0.603740952	0.903441762	1.646663375	0.742562014	NA	3.749463519	0.837268521	1.31227841	0.209177516	1.825338847	0.436125539	0.287791141	0.372073484	0.72177025	0.802462164	0.284032134	0.937985943	0.559514903	0.576826544
IGHV3.11	0.986789176	0.15546756	0.558011337	0.26027669	3.818501478	2.644494365	0.846420544	1.613438185	1.120362816	2.420141816	0.32217553	1.343391815	0.095529575	1.838949963	2.421819474	10.60134112	5.970498794	0.042226918	0.830951148	1.242097782	0.534777848	1.022634082	0.110366767	0.2630239	0.360497567	2.960356247	2.309855083	NA	5.889658849	0.912865042	4.543431909	0.978169805	1.571214704	1.961677941	1.292886218	0.183210929	0.895218753	0.947393359	0.468509103	6.50597942	2.586803858	0.499008716
IGHV3.15	0.896269756	0.069881883	0.570076447	0.55218922	8.9930049	0.938547061	0.253193785	0.390061979	0.426473512	0.378192096	0.832453544	1.613325685	0.727761673	0.058220032	8.759772566	6.335712741	10.8462372	0.125094766	0.988948901	1.58923428	0.142050366	0.990924498	0.415997814	1.176685867	0.900050218	2.227107195	1.138159084	NA	10.74360341	1.290067767	2.50023176	0.850357153	0.967913364	0.531669722	0.505911998	0.412224591	0.505823055	1.068529533	0.510524302	8.352028676	2.047886387	1.873090687
IGHV3.18	1.783433562	0.121472663	0.487917796	0.461321059	6.677631579	0.494481647	0.235124083	0	1.138073866	1.414405685	1.270900755	2.565919346	0.758036829	1.078869048	0	0.671296296	5.447404372	0.129782516	1.578711006	0	0.961586587	0.819756054	0.276506484	1.946258292	2.192728443	8.991211898	4.785546139	NA	3.675347222	1.427673321	0.952219203	1.441036882	1.349734043	1.557914046	4.322299078	0.234420929	0.723343003	1.298428363	0.135550214	14.65177134	3.261021916	1.798956303
IGHV3.2	0.860979603	0.755473806	0.781185666	0.51666833	21.87937655	2.283683323	1.89222457	3.675911825	0.968494266	3.971254616	1.991819104	4.466787216	0.194037228	3.709659439	50.45958512	17.21745351	14.19088159	0.095771865	0.190425258	3.559219938	1.827707536	6.602151425	1.106500624	2.740055089	0.177805028	1.464924608	1.381756019	NA	23.66362661	3.236398197	4.227701064	0.645495161	0.807688796	0.783348565	3.114047736	0.174512342	1.054592003	0.762430038	0.872042478	3.129626174	4.453281884	3.400911076
IGHV3.22	1.540105071	0.289734998	0.6032555	2.504983389	9.296749336	2.144856077	0.209251062	3.116063309	1.104457044	2.293598453	1.740948517	3.160737285	1.023034906	2.164179104	24.78500355	15.02827478	8.626306407	0.114191102	0.323797865	3.319492762	1.024990876	5.358919687	0.479670949	3.585431054	0.463155815	4.257222107	1.081565538	Inf	6.554371002	0.594223471	4.590479281	0.872810727	0.575109688	0.798337921	2.566220282	2.502792162	0.728893957	1.184241699	0.455825269	9.750007725	3.131394143	1.124577613
IGHV3.28	0.34965933	0.300082386	0.028553746	0.415385853	5.228555819	1.267764459	0.663879765	1.323560417	0.958288365	0.133016818	0.720932576	0.04584336	1.197951091	0.508246079	42.31257209	3.955669224	9.952351239	0.110029943	0.892668071	3.600133552	0.989899935	1.974758229	0.385769599	3.279966947	1.162309121	6.51805126	0.663304205	NA	5.368512111	1.828030573	4.799157515	0.397086209	0.484954933	0.797899626	1.753080679	0.637117592	0.42710569	0.278738947	0.069470322	1.105260519	11.01044411	0.883162346
IGHV3.3	0.133445423	0.053736631	0.11029694	0.675865855	1.539417213	0.236147302	0.202174245	0.426031043	0.009004595	0.030392255	0.104726586	0.483322803	0.085656074	0.428348476	2.385550787	3.544504572	0.295855907	0.021947719	0.11778882	0.054589263	0.17380041	1.499944976	0.178008466	0.246140542	0.057666495	0.473622242	0.021095512	NA	0.575643777	0.100541562	0.378802015	0.052728958	0.132407999	0.018451465	0.282871635	0.925244681	0.043325909	0.107358884	0.071805877	0.072152765	0.137024058	0.285683809
IGHV3.34	1.278746181	0.720018953	0.404181185	0.900183468	4.469382411	0.977193116	0.858975608	1.684358545	0.708800965	1.744285218	1.500817687	2.165748487	0.993507582	0.851217013	26.02167733	6.900281203	3.720157992	0.10051196	0.411574395	0	0.782669663	1.720244929	0.744268198	2.671769086	0.019099209	3.573221126	0.8824401	Inf	9.074093817	0.742348742	2.903494948	0.878568054	0.687876294	1.235007098	1.495739822	1.835380919	1.243522442	0.759361089	0.211661473	1.218750966	6.1209679	1.607314306
IGHV3.4	0.970382666	0.378396556	0.017982637	0.757292077	8.202869462	0.798180236	0.276535031	0.856646012	0.058279743	0.13431218	0.212755746	1.827626258	0.022436203	2.296046115	1.945621469	11.29083763	6.24479022	0.015562083	1.186173341	1.584522748	0.492632463	1.721126684	1.289270062	2.984916519	0.621523461	1.642042898	1.237144499	NA	13.10222458	0.451820027	6.257599484	0.343244011	0.10271238	1.538501074	3.640299457	0.968747198	0.653293285	0.474278918	0.285147762	4.870732007	6.341354377	0.821005551
IGHV3.40	1.444270293	0.362734101	0.131265124	0.038992082	3.159397423	0.623757265	0.705043895	0.040063549	0.485206938	1.803744833	1.619786144	2.641550452	0.129081154	0.955671737	21.42398287	1.493963939	2.524660371	0.063512093	1.234134248	3.655095984	0.777629878	2.659089661	0	3.535907188	0.196605293	1.027647761	2.76601459	Inf	15.67987152	1.191806887	1.802206498	0.933212111	0.507735465	0.950726378	1.81877428	0.594699931	0.768370694	1.327310067	0.007961346	4.36489464	3.372689232	2.079028764
IGHV3.41	1.339330663	0.187254406	0.015517926	0.589937293	1.987559131	1.311135123	0.458397549	0.039723307	0.079191158	0.456771836	0.023911117	1.047021673	1.227963453	2.089020322	0.461783439	0.294470599	0.676273015	0.001974066	1.499460842	1.787723023	0.909699508	2.301023463	0.063402761	0	0.988941626	1.601939011	0.016697254	NA	0.554140127	0.121770192	2.114834303	0.085993192	0.065501197	0.907800688	1.194917886	0.146597917	0.43547932	0.473485554	0.22970766	0.383704114	3.920216599	0.034206181
IGHV3.44	2.143889329	0.182553249	0.166249739	0.900665872	13.83903134	0.58922848	1.272867948	4.74404926	1.017155852	0.453935599	2.344272951	1.365135147	1.206244598	3.18480131	14.1488604	13.80310913	13.85596189	0.306352299	2.222559249	2.788461538	2.506545007	2.649435678	0.24531088	2.830080367	2.89014289	2.763784888	1.287628567	NA	75.72222222	2.604635383	9.584494612	0.598887456	2.906177747	0.238843965	0.262068849	3.835978836	1.657977659	1.295484081	0.41231098	9.402638424	5.014114326	4.497051032
IGHV3.47	0.459753735	0.555562412	0.537744298	1.058968306	4.406426433	2.924830299	0.509770386	1.400868576	1.169119332	1.539655432	1.001349018	0.785321946	0.453927731	1.340144736	48.33333333	8.1697812	8.902382891	0.173104715	2.157646947	5.241559623	1.622302648	0.710666224	0.40848906	1.219980014	1.956436535	2.455513293	1.653988359	NA	6.153887689	2.992172882	7.223448211	0.747654154	1.222238999	1.397891403	3.052527339	2.664472556	1.542089291	0.578732649	0.354931605	13.25320061	3.987952523	2.651914163
IGHV3.8	1.189669318	0.045235349	0.030185388	0.60907701	0.17604565	0.327020514	0.541630806	0.172638315	0.229085771	0.585740726	0.230568527	1.986545589	0.104292213	1.280389161	2.006920415	2.545007773	5.264053548	0.092013344	0.215253294	3.626540399	0.253125097	0.250865052	0.167626076	5.593916232	1.875192048	0.417368405	0.353762243	NA	7.375432526	2.146678104	0.469008575	0.461554323	0.442254499	0.24072226	0.729789242	0.355723989	0.323901713	0.903701006	0.716573507	2.51592197	6.122027872	1.144296728
